542194
542208
570482
570560
606115
621006
622268
622569
623205
624415
624523
640902
641658
641820
642136
643565
645305
650559
656577
657077
660644
660710
661531
663584
663731
663967
665506
665828
666158
666163
666165
667690
668800
668965
668974
669200
669219
669256
669304
669360
669384
669722
670232
671083
671117
671221
671748
672018
672284
672463
672613
672696
675085
675394
675961
676070
676203
676480
676566
676572
676679
677060
677578
677954
678010
678232
678894
680118
680636
680737
680890
681047
681123
681134
681230
681433
681508
681581
681987
682634
682674
682868
682997
683169
683233
683353
683427
683490
683679
685274
686404
686445
686523
686551
687069
687201
687210
687248
687521
687554
687625
687749
687867
688460
690841
690914
690957
690970
691373
691410
691944
692046
692169
692225
693819
694170
694192
694222
694266
694444
694469
694478
694580
694757
695372
695462
695501
695573
695603
695744
695780
698945
699031
699228
699393
699471
700164
700321
701062
701527
701649
701742
701860
702025
702068
702264
702302
702331
702488
702555
702607
702708
702977
703448
800203
800345
800377
800384
800473
800957
801276
801887
802474
803475
804119
804240
804560
804603
804668
805126
805127
805346
805763
805796
806128
806152
806869
806957
806978
806980
806994
806997
807257
807714
807720
807727
808024
808067
808159
808234
808267
808571
808903
809101
809975
810891
811718
813386
813400
813666
813842
813852
814131
814172
814188
814261
814436
814458
814522
815121
815653
815654
815734
815793
815873
820835
821139
821613
823703
823719
823807
823851
823918
826163
826723
827294
827388
827517
827628
827636
827665
827719
827759
829040
829052
829058
829643
829712
834685
834962
664874
669222
669261
683021
694838
695720
701618
702789
703607
813916
814696
815888
